0:(1,0,0,0,0,0,0,0,0,0)
1:(0,1,0,0,0,0,0,0,0,0)
2:(0,0,1,0,0,0,0,0,0,0)
3:(0,0,0,1,0,0,0,0,0,0)
4:(0,0,0,0,1,0,0,0,0,0)
5:(0,0,0,0,0,1,0,0,0,0)
6:(0,0,0,0,0,0,1,0,0,0)
7:(0,0,0,0,0,0,0,1,0,0)
8:(0,0,0,0,0,0,0,1,1,0)
9:(0,0,0,0,0,0,0,0,0,1)
0:(2,0,0,0,0,0,0,0,0,0)
1:(0,2,0,0,0,0,1,0,0,0)
2:(0,0,2,0,0,1,0,0,0,0)
3:(0,0,0,2,0,0,0,0,0,0)
4:(0,0,0,0,2,0,0,0,0,0)
5:(0,0,0,0,0,2,0,0,0,1)
6:(0,0,0,0,0,2,2,0,0,1)
7:(0,0,0,0,0,0,0,2,0,0)
8:(0,0,2,0,0,1,0,1,2,0)
9:(0,0,0,0,0,0,0,0,0,2)
0:(3,0,0,0,0,0,0,0,0,0)
1:(0,3,0,0,0,0,1,0,0,0)
2:(0,0,3,0,0,2,2,0,0,1)
3:(0,0,0,3,0,2,2,0,0,1)
4:(0,0,0,0,3,0,0,2,0,0)
5:(3,0,0,0,0,3,0,0,0,1)
6:(0,0,2,0,0,2,3,1,2,1)
7:(0,0,3,0,0,2,2,3,0,1)
8:(0,0,2,0,0,1,0,1,3,2)
9:(0,0,0,0,0,0,0,0,0,3)
0:(4,0,3,0,0,2,2,0,0,1)
1:(0,4,3,0,0,2,2,3,0,1)
2:(0,0,4,0,0,2,2,0,0,1)
3:(0,0,0,4,0,2,2,0,0,1)
4:(3,0,0,0,4,3,0,2,0,1)
5:(3,4,3,0,0,4,2,3,0,1)
6:(0,0,2,4,0,2,4,1,2,1)
7:(0,4,3,0,0,2,2,4,0,1)
8:(0,0,2,0,0,1,0,1,4,2)
9:(0,0,0,0,0,0,0,0,0,4)
0:(5,0,3,0,0,2,2,0,0,1)
1:(0,5,3,0,0,2,2,3,4,2)
2:(0,0,5,0,0,2,2,0,0,1)
3:(0,0,0,5,0,2,2,0,0,1)
4:(3,4,3,0,5,3,2,4,0,1)
5:(3,4,3,0,0,5,2,3,0,1)
6:(0,0,5,4,0,2,5,1,2,1)
7:(0,4,3,5,0,2,2,5,0,1)
8:(0,0,2,0,0,1,0,1,5,2)
9:(0,0,5,4,0,2,5,1,2,5)
0:(6,4,3,0,0,5,2,3,0,1)
1:(0,6,5,4,0,2,5,3,4,5)
2:(0,4,6,5,0,2,2,5,0,1)
3:(0,6,5,6,0,2,5,3,4,5)
4:(3,6,5,6,6,3,5,4,4,5)
5:(3,6,5,6,6,6,5,4,4,5)
6:(3,6,5,6,6,3,6,4,4,5)
7:(3,6,5,6,6,3,5,6,4,5)
8:(0,6,5,4,0,2,5,3,6,5)
9:(0,4,6,5,0,2,5,5,2,6)
0:(7,6,5,6,6,5,6,4,4,5)
1:(7,7,5,6,6,5,6,4,4,5)
2:(0,4,7,5,0,2,2,5,0,1)
3:(0,6,5,7,0,2,5,3,4,5)
4:(3,6,5,6,7,6,5,4,4,5)
5:(3,6,5,6,6,7,5,4,4,5)
6:(3,6,5,6,6,3,7,4,4,5)
7:(3,6,5,7,6,3,5,7,4,5)
8:(0,6,5,4,0,2,5,3,7,5)
9:(0,4,6,5,0,2,5,5,2,7)
0:(8,6,5,7,6,5,6,7,4,5)
1:(7,8,5,6,6,5,6,4,4,5)
2:(0,4,8,5,0,2,2,5,0,1)
3:(3,6,5,8,6,3,5,7,4,5)
4:(3,6,5,8,8,6,5,7,4,5)
5:(3,6,5,6,6,8,5,4,4,5)
6:(3,6,5,6,6,3,8,4,4,5)
7:(3,6,5,7,6,3,5,8,4,5)
8:(3,6,5,6,6,8,5,4,8,5)
9:(0,4,8,5,0,2,5,5,2,8)
0:(9,6,5,8,8,6,6,7,4,5)
1:(7,9,5,8,8,6,6,7,4,5)
2:(3,6,9,6,6,8,5,5,8,5)
3:(3,6,5,9,6,3,8,7,4,5)
4:(3,6,5,8,9,6,5,7,4,5)
5:(7,9,5,8,8,9,6,7,4,5)
6:(3,6,5,6,6,3,9,4,4,5)
7:(3,6,5,7,6,3,5,9,4,5)
8:(3,6,5,6,6,8,5,4,9,5)
9:(0,4,8,5,0,2,5,5,2,9)
0:(10,9,5,8,8,9,6,7,4,5)
1:(7,10,5,8,8,6,6,7,4,5)
2:(3,6,10,6,6,8,5,5,9,5)
3:(3,6,5,10,6,3,8,9,4,5)
4:(7,10,5,8,10,6,6,7,4,5)
5:(7,9,5,8,8,10,6,7,4,5)
6:(3,6,8,6,6,3,10,5,4,9)
7:(10,9,5,8,8,9,6,10,4,5)
8:(7,10,5,8,8,8,6,7,10,5)
9:(0,4,8,5,0,2,5,5,2,10)
0:(11,9,5,8,8,9,6,7,4,5)
1:(7,11,5,8,8,6,6,7,4,5)
2:(3,6,11,6,6,8,5,5,9,5)
3:(3,6,8,11,6,3,10,9,4,9)
4:(7,10,8,8,11,6,10,7,4,9)
5:(7,9,8,8,8,11,6,7,4,10)
6:(3,6,8,6,6,3,11,5,4,9)
7:(10,9,8,8,8,9,6,11,4,10)
8:(7,11,5,8,8,8,6,7,11,5)
9:(0,4,8,5,0,2,5,5,2,11)
0:(12,9,5,8,8,9,6,7,4,5)
1:(7,12,5,8,8,6,6,7,4,5)
2:(3,6,12,6,6,8,5,5,9,5)
3:(3,6,8,12,6,3,10,9,4,9)
4:(7,12,8,8,12,6,10,7,4,9)
5:(7,9,8,8,8,12,6,7,4,10)
6:(7,11,8,8,8,8,12,7,11,9)
7:(10,11,8,8,8,9,12,12,11,10)
8:(7,11,5,8,8,8,6,7,12,5)
9:(7,11,8,8,8,8,12,7,11,12)
0:(13,9,5,8,8,9,6,7,4,5)
1:(13,13,5,8,8,9,6,7,4,5)
2:(13,13,13,8,8,9,6,7,9,5)
3:(3,6,8,13,6,3,10,9,4,9)
4:(7,12,8,8,13,6,10,7,4,9)
5:(7,9,8,8,8,13,6,7,4,10)
6:(13,11,8,8,8,9,13,7,11,9)
7:(10,11,8,8,8,9,12,13,11,12)
8:(7,11,5,8,8,8,6,7,13,5)
9:(7,11,8,8,8,8,12,7,11,13)
0:(14,11,8,8,8,9,12,7,11,13)
1:(13,14,5,8,8,9,6,7,4,5)
2:(13,13,14,13,8,9,10,9,9,9)
3:(7,11,8,14,8,8,10,9,13,9)
4:(13,13,14,13,14,9,10,9,9,9)
5:(13,11,8,8,8,14,13,7,11,10)
6:(13,11,8,8,8,9,14,7,11,13)
7:(10,11,8,8,8,9,12,14,11,12)
8:(13,11,8,8,8,14,13,7,14,10)
9:(13,11,8,8,8,14,13,7,14,14)
0:(15,11,8,8,8,9,12,7,11,13)
1:(13,15,8,8,8,9,14,7,11,13)
2:(13,13,15,13,8,14,13,9,11,10)
3:(13,13,14,15,14,9,10,9,13,9)
4:(13,13,14,13,15,9,10,9,9,9)
5:(13,13,14,15,14,15,13,9,13,10)
6:(13,15,8,8,8,9,15,7,11,13)
7:(13,11,8,8,8,14,13,15,14,14)
8:(13,11,8,8,8,14,13,7,15,10)
9:(13,11,8,8,8,14,13,7,14,15)
0:(16,11,8,8,8,14,13,7,14,15)
1:(13,16,14,15,14,15,14,9,13,13)
2:(13,13,16,13,8,14,13,9,14,15)
3:(13,13,14,16,14,9,10,9,13,9)
4:(13,13,14,13,16,9,10,9,9,9)
5:(13,13,14,15,14,16,13,9,15,10)
6:(13,15,8,8,8,9,16,7,11,13)
7:(13,16,14,15,14,15,14,16,14,14)
8:(13,11,8,8,8,14,13,7,16,10)
9:(13,13,14,16,14,14,13,9,14,16)
0:(17,11,8,8,8,14,13,7,14,15)
1:(13,17,14,15,14,15,14,16,14,14)
2:(13,13,17,15,14,16,13,9,15,15)
3:(13,13,14,17,14,9,10,9,13,9)
4:(13,13,14,13,17,14,13,9,16,10)
5:(13,13,14,15,17,17,13,9,16,10)
6:(13,15,8,8,8,9,17,7,11,13)
7:(13,16,14,15,14,15,14,17,14,14)
8:(13,16,14,15,14,15,14,17,17,14)
9:(13,13,14,16,14,14,13,9,14,17)
0:(18,11,8,8,8,14,13,7,14,15)
1:(13,18,14,15,17,17,14,16,16,14)
2:(13,15,18,15,14,16,17,9,15,15)
3:(13,13,14,18,14,9,10,9,13,9)
4:(13,13,14,13,18,14,13,9,16,10)
5:(13,13,14,15,17,18,13,9,16,10)
6:(13,16,14,15,14,15,18,17,17,14)
7:(13,16,14,15,14,15,14,18,14,14)
8:(13,18,14,15,17,17,14,17,18,14)
9:(13,18,14,16,17,17,14,16,16,18)
0:(19,16,14,15,14,15,14,18,14,15)
1:(13,19,14,15,17,17,14,16,16,14)
2:(13,15,19,15,14,16,17,9,15,15)
3:(13,16,14,19,14,15,14,18,14,14)
4:(13,13,14,13,19,14,13,9,16,10)
5:(13,13,14,15,19,19,13,9,16,10)
6:(13,18,14,15,17,17,19,17,18,14)
7:(13,18,14,15,17,17,14,19,18,14)
8:(13,18,14,15,17,17,14,17,19,14)
9:(13,18,14,16,17,17,14,16,16,19)
0:(20,16,14,15,14,15,14,18,14,15)
1:(13,20,14,19,17,17,14,18,16,14)
2:(13,15,20,15,14,16,17,9,15,15)
3:(20,16,14,20,14,15,14,18,14,15)
4:(13,13,14,13,20,14,13,9,16,10)
5:(13,13,14,15,19,20,13,9,16,10)
6:(13,18,14,15,17,17,20,17,18,14)
7:(13,18,14,15,17,17,14,20,18,14)
8:(13,18,14,15,17,17,14,20,20,14)
9:(13,18,14,16,17,17,14,16,16,20)
0:(21,16,14,15,14,15,14,18,14,15)
1:(21,21,14,19,17,17,14,18,16,15)
2:(13,15,21,15,14,16,17,9,15,15)
3:(20,16,14,21,19,20,14,18,16,15)
4:(13,18,14,15,21,17,20,17,18,14)
5:(13,13,14,15,19,21,13,9,16,10)
6:(13,18,14,15,17,17,21,17,18,14)
7:(20,18,14,21,19,20,14,21,18,15)
8:(13,18,14,15,19,21,14,20,21,14)
9:(13,18,14,16,19,21,14,20,21,21)
0:(22,18,14,16,19,21,14,20,21,21)
1:(21,22,14,21,19,20,14,21,18,15)
2:(22,18,22,16,19,21,17,20,21,21)
3:(20,18,14,22,19,21,14,20,21,21)
4:(13,18,14,15,22,17,20,17,18,14)
5:(13,13,14,15,19,22,13,9,16,10)
6:(13,18,14,15,17,17,22,17,18,14)
7:(22,18,22,21,19,21,17,22,21,21)
8:(13,18,14,15,19,21,22,20,22,14)
9:(13,18,14,16,19,21,14,20,21,22)
0:(23,18,14,16,19,21,14,20,21,21)
1:(21,23,14,21,19,20,14,21,18,15)
2:(23,18,23,16,19,21,17,20,21,21)
3:(20,18,14,23,19,21,14,20,21,21)
4:(23,18,23,16,23,21,20,20,21,21)
5:(13,18,14,15,19,23,22,17,18,14)
6:(21,23,14,21,19,20,23,21,18,15)
7:(22,18,22,21,19,21,17,23,21,21)
8:(13,18,14,15,19,21,22,20,23,14)
9:(13,18,14,16,19,21,14,20,21,23)
0:(24,18,14,16,19,21,14,20,21,21)
1:(21,24,14,21,19,20,14,21,18,15)
2:(23,18,24,16,19,21,17,20,21,21)
3:(20,18,14,24,19,21,14,20,21,21)
4:(23,18,23,16,24,23,22,20,21,21)
5:(13,18,14,15,19,24,22,17,18,14)
6:(23,23,23,21,24,23,24,21,21,21)
7:(22,18,22,21,19,21,17,24,21,21)
8:(21,24,14,21,19,21,22,21,24,15)
9:(21,24,14,21,19,21,22,21,24,24)
0:(25,18,14,16,19,21,14,20,21,21)
1:(25,25,14,21,19,21,14,21,21,21)
2:(23,18,25,16,19,21,17,20,21,21)
3:(20,18,14,25,19,21,14,20,21,21)
4:(23,18,23,16,25,23,22,20,21,21)
5:(25,18,14,16,19,25,22,20,21,21)
6:(23,23,23,21,24,23,25,21,21,21)
7:(22,18,22,25,19,21,17,25,21,21)
8:(23,24,25,21,19,21,22,21,25,21)
9:(23,24,25,21,19,21,22,21,24,25)
0:(26,24,25,21,19,21,22,21,25,21)
1:(25,26,14,21,19,21,14,21,21,21)
2:(23,18,26,16,19,21,17,20,21,21)
3:(20,18,14,26,19,21,14,20,21,21)
4:(23,18,23,16,26,23,22,20,21,21)
5:(25,18,23,16,26,26,22,20,21,21)
6:(23,23,26,21,24,23,26,21,21,21)
7:(22,18,22,25,19,21,17,26,21,21)
8:(23,24,26,21,19,21,22,21,26,21)
9:(23,24,26,21,19,21,22,21,24,26)
0:(27,24,25,21,26,26,22,21,25,21)
1:(25,27,14,21,19,21,14,21,21,21)
2:(25,18,27,16,26,26,22,20,21,21)
3:(25,18,23,27,26,26,22,20,21,21)
4:(23,18,23,16,27,23,22,20,21,21)
5:(25,24,26,21,26,27,22,21,26,21)
6:(23,23,26,21,24,23,27,21,21,21)
7:(22,18,22,25,19,21,17,27,21,21)
8:(23,24,26,21,19,21,22,21,27,21)
9:(23,24,26,21,19,21,22,21,24,27)
0:(28,24,25,27,26,26,22,21,25,21)
1:(25,28,26,21,19,21,22,21,27,21)
2:(25,18,28,16,26,26,22,20,21,21)
3:(25,18,23,28,26,26,22,20,21,21)
4:(25,18,23,28,28,26,22,20,21,21)
5:(25,24,26,21,26,28,22,21,26,21)
6:(23,23,26,21,24,23,28,21,21,21)
7:(25,18,28,25,26,26,22,28,21,21)
8:(23,24,26,21,19,21,22,21,28,21)
9:(23,24,26,21,19,21,22,21,24,28)
0:(29,24,28,27,26,26,22,21,25,21)
1:(25,29,26,21,19,21,22,21,27,21)
2:(25,18,29,16,26,26,22,20,21,21)
3:(25,18,23,29,26,26,22,20,21,21)
4:(25,29,26,28,29,26,22,21,27,21)
5:(29,24,28,27,26,29,22,21,26,21)
6:(23,23,26,21,24,23,29,21,21,21)
7:(25,29,28,28,29,26,22,29,27,21)
8:(23,24,26,21,19,21,22,21,29,21)
9:(23,24,26,21,19,21,22,21,24,29)
0:(30,24,28,27,26,26,22,21,29,21)
1:(25,30,26,29,26,26,22,21,27,21)
2:(25,29,30,28,29,26,22,29,27,21)
3:(25,18,23,30,26,26,22,20,21,21)
4:(29,29,28,28,30,29,22,21,27,21)
5:(29,29,30,28,29,30,22,29,27,21)
6:(23,23,26,21,24,23,30,21,21,21)
7:(29,29,30,28,29,30,22,30,27,21)
8:(23,24,26,21,19,21,22,21,30,21)
9:(30,24,28,27,26,26,22,21,29,30)
